111 0000
49 000100
119 0001010
54 00010110
55 00010111
68 00011000
37 00011001
41 0001101
40 0001110
84 00011110
56 00011111
105 0010
116 0011
110 0100
58 010100
59 01010100
77 01010101
95 0101011
113 0101100000
90 01011000010
91 01011000011
120 010110001
69 01011001
65 0101101
118 0101110
48 0101111
108 01100
13 01101
10 01110
112 011110
104 011111
97 1000
101 1001
32 101
107 11000000
93 11000001000
39 11000001001
89 11000001010
64 11000001011
36 1100000110
72 1100000111
80 11000010
73 11000011
98 1100010
51 11000110
66 110001110
71 110001111
109 110010
75 1100110000
74 1100110001
70 110011001
52 11001101
53 11001110
78 11001111
115 11010
117 110110
57 1101110
67 11011110
83 11011111
121 1110000
45 11100010
46 11100011
44 111001
86 11101000000
47 11101000001
34 11101000010000
35 1110100001000100
63 1110100001000101000
43 11101000010001010010
123 11101000010001010011
125 11101000010001010100
126 111010000100010101010
9 111010000100010101011
38 111010000100010101100
92 111010000100010101101
60 111010000100010101110
62 111010000100010101111
33 111010000100010110
18 111010000100010111
94 111010000100011
88 1110100001001
42 1110100001010
61 11101000010110
81 11101000010111
106 11101000011
82 111010001
76 111010010
87 1110100110
122 1110100111
102 1110101
100 111011
103 1111000
79 111100100
85 111100101
50 11110011
99 111101
114 11111
